%YAML:1.0
---
K: !!opencv-matrix
   rows: 3
   cols: 3
   dt: d
   data: [ 715.74207918727586, 0., -6.9542623392078085, 0.,
       667.34117502984134, 63.889065258966724, 0., 0., 1. ]
D: !!opencv-matrix
   rows: 1
   cols: 5
   dt: d
   data: [ -0.054397080580229698, -2.0058812017003991,
       0.033901279311068025, -0.012363212680318668, 14.126125148663171 ]
