%YAML:1.0
---
K: !!opencv-matrix
   rows: 3
   cols: 3
   dt: d
   data: [ 715.75924933467843, 0., -6.9600349735451807, 0.,
       667.35567695911152, 63.893801903239414, 0., 0., 1. ]
D: !!opencv-matrix
   rows: 1
   cols: 5
   dt: d
   data: [ -0.054332115391163241, -2.0064027260686683,
       0.033902087121617644, -0.012368543122434293, 14.128466032103773 ]
