%YAML:1.0
---
K: !!opencv-matrix
   rows: 3
   cols: 3
   dt: d
   data: [ 715.75923584102759, 0., -6.9600365655601868, 0.,
       667.35566475178916, 63.89379727134277, 0., 0., 1. ]
D: !!opencv-matrix
   rows: 1
   cols: 5
   dt: d
   data: [ -0.054332145136747959, -2.0064023848046317,
       0.033902087534073595, -0.012368539598131896, 14.128463193538643 ]
